31.30 62.00 90
31.30 62.00 89
31.30 62.00 88
31.30 62.00 94
31.20 62.00 91
31.30 62.00 88
31.30 62.00 89
31.30 62.00 91
31.30 62.00 87
31.30 62.00 87
31.30 62.00 87
31.30 62.00 87
31.30 62.00 86
31.30 62.00 86
31.30 62.00 91
31.30 62.00 86
31.30 62.00 89
31.30 62.00 89
31.30 62.00 86
31.30 62.00 86
31.30 62.00 86
31.30 62.00 84
31.30 62.00 85
31.30 62.00 89
31.30 62.00 85
31.30 62.00 85
31.30 62.00 85
31.30 62.00 85
31.30 62.00 85
31.30 62.00 85
31.30 62.00 85
31.30 62.00 87
31.30 62.00 83
31.30 62.00 87
31.30 62.00 88
31.30 62.00 84
31.30 62.00 87
31.30 62.00 84
31.30 62.00 84
31.30 62.00 84
31.30 62.00 85
31.30 62.00 85
31.30 62.00 84
31.30 62.00 84
31.30 62.00 89
31.30 62.00 84
31.30 62.00 84
31.30 62.00 84
31.30 62.00 84
31.30 62.00 82
31.30 62.00 83
31.30 62.00 83
31.30 62.00 83
31.30 62.00 84
31.30 62.00 88
31.30 62.00 83
31.30 62.00 83
31.30 62.00 83
31.30 62.00 83
31.30 62.00 83
31.30 62.00 83
31.30 62.00 84
31.30 62.00 86
31.30 62.00 83
31.30 62.00 83
31.30 62.00 83
31.30 62.00 83
31.30 62.00 83
31.30 62.00 83
31.30 62.00 83
31.30 62.00 82
31.30 62.00 83
31.30 62.00 83
31.30 62.00 82
31.30 62.00 82
31.30 61.00 83
31.30 61.00 83
31.30 61.00 82
31.30 61.00 82
31.30 61.00 82
31.30 61.00 89
31.30 61.00 83
31.30 61.00 82
31.30 61.00 82
31.30 61.00 82
31.30 61.00 82
31.30 61.00 82
31.30 61.00 82
31.30 61.00 82
31.30 61.00 85
31.30 61.00 85
31.30 61.00 82
31.30 61.00 87
31.30 61.00 86
31.30 61.00 82
31.40 61.00 86
31.40 61.00 82
31.50 61.00 82
31.70 61.00 81
31.80 61.00 81
31.80 61.00 82
31.80 61.00 80
31.80 61.00 82
31.80 61.00 82
31.80 61.00 82
31.80 61.00 85
31.80 61.00 81
31.80 61.00 81
31.80 61.00 81
31.80 61.00 83
31.80 61.00 81
31.80 61.00 81
31.80 61.00 81
31.80 61.00 86
31.80 61.00 81
31.80 61.00 82
31.80 61.00 84
31.80 61.00 81
31.80 61.00 81
31.80 61.00 81
31.80 61.00 81
31.80 61.00 81
31.80 61.00 81
31.80 61.00 80
31.80 61.00 85
31.80 61.00 81
31.80 61.00 80
31.80 61.00 86
31.80 61.00 81
31.80 61.00 83
31.80 61.00 80
31.80 61.00 85
31.80 61.00 81
31.80 61.00 81
31.80 61.00 87
31.80 61.00 81
31.80 61.00 81
31.80 61.00 81
31.80 61.00 81
31.80 61.00 81
31.80 61.00 81
31.80 61.00 81
31.80 61.00 80
31.80 61.00 81
31.80 61.00 81
31.80 61.00 81
31.80 61.00 83
31.80 61.00 83
31.80 61.00 83
31.80 61.00 81
31.80 61.00 80
31.80 61.00 80
31.80 61.00 80
31.80 61.00 81
